                                                                                     
                                                                                     
                      100000000                                                      
                     000000000000                                                    
                    0000011100000                                                    
                    0001000000000                                                    
                    000000001 000          10000000000000000001                      
                    000001 10 001          10000000000000000000                      
                   10010110000000          00000000000000000100                      
                 000011000000000           00               000                      
               000001   0100000            000        00    100                      
         01011100000000 1 001              000     0010    1100                      
        10000000011  1110 000             101  1     11    1000                      
        0000000001     1 0000             001010000000001111000                      
        1001   111000    110000           10000001110000000000                       
         0001011   0011110010000000000000001000000000000000000                       
         100100110  0001011110000000000000000000000000000000000010                   
          00000100 00 0000010 1001  11000000000000010000010001111000111101000001     
          10000 0101000 110011000010000000000001101001110000000000000000000   01     
           0000011  0000101110000001000010000001 1000000000000000000000000001001     
           000010 10000   010000000000010000000000000 11000000 100000000 000         
           1000 1 01011111110     10000000000000000000000000000000000000 000         
            001 0101   00           011001000     10000001000000101   000000         
            00101 101010010100  01101011 0100         000100          100000         
            0000001001110000000000001     100         000100           001001        
            00011001011 00010 00000000    100         000000           000001        
            00000000001 00000100110001     000        000000           000000        
            100000000000000000001  001     000        000000           000000        
                    00000000000    000     000        000000            00000        
              010000000000000001   100   0 000         00000            100001       
             1000000000100000000001 000  0 000000      00001            100000       
         10000001 000001100010000000000  10000000001   00000             00000       
        1000101000000001000000000100000 111110011001   00001             10100       
       100000000010  00000 1000000000100101 01000000   00000             00000       
       0000011111110 000000010000000000000000000101    00000             10000       
       00000      110000000001100000000000000000000    00000                         
                                                                                     